390
390
390
479,8707345
390
390
390,2362283
589,9330947
430,6692915
0
390
390
602,2903846
390
390
390
645,3124014
390
390
390
390
479,5211468
390
0
0
390
461,1052699
484,2355078
390
481,3984302
470,3474128
390
626,9351199
390
0
390
390
460,4004867
493,7211411
506,9234769
507,8513253
390
390
390
390
390
544,149705
423,2300902
390
486,2972575
390
477,5059996
390
390
647,2979903
503,7840933
390
0
0
390
420,910357
547,332253
391,2790327
390
390
390
638,921825
390
390
428,0407711
525,4014388
418,0193687
0
390
390
487,5416422
390
390
390
390
564,9758101
533,7402814
390
390
531,7980412
0
520,007277
436,6823824
390
390
390
390
390
390
503,3463874
545,6872261
390
583,9865384
390
390
390
533,5464012
458,6694355
390
390
0
0
582,3726344
452,8053134
445,6159116
390
390
390
476,6929119
390
390
0
390
390
486,8915449
397,5866267
390
390
390
0
453,2397461
425,1738016
390
431,2381928
390
390
519,7964468
390
390
0
390
390
390
390
390
391,1737072
390
390
599,3158435
0
390
472,5427233
0
432,0097202
390
402,2463179
400,4649344
401,993685
390
390
390
593,4032484
430,4993248
390
0
472,1146984
0
538,1911654
390
614,4869585
390
0
0
390
0
571,4706381
0
464,4282263
390
390
537,8228279
390
506,873979
417,1142413
525,5941706
390
390
0
546,5386371
427,5027525
390
0
0
390
470,1054627
499,1976249
443,2818774
0
512,8876545
390
390,4935423
390
523,9241872
599,7419662
390
390
390
390
390
390
390
390
0
390
0
390
450,4196216
0
390
450,8581666
0
390
0
431,5964426
390
646,3843869
514,3881862
424,5830814
414,3185609
390
455,2392615
390
390
390
390
544,8095837
0
531,215064
390
478,5655063
465,9337228
0
0
0
390
461,5602985
390
390
438,1705886
390
390
0
390
581,9250367
578,6561667
390
390,5180682
390
390
390
390
390
390
0
390
390
391,1653319
512,6189838
417,2482068
390
390
0
390
390
465,5118994
0
390
390
390
441,7823909
574,7219201
390
390
519,1006268
585,1860511
395,3125324
390
546,1588133
462,7722297
445,5226209
390
390
390
0
390
390
425,8982936
390
596,4789746
422,829229
390
390
592,7986784
430,3017936
428,0907854
390
390
390
452,6535737
0
606,7277366
390
676,2829613
390
509,0694402
390
390
0
523,2546252
390
473,2987934
440,6200736
390
390
390
453,3901833
0
390
0
532,4618082
390
394,4298178
0
390
390
390
404,2959521
390
391,5459815
623,8528006
458,1271086
539,3483553
528,9593677
390
390
433,9101555
0
394,6924642
390
479,4334721
390
465,2573741
454,9942951
390
390
390
412,8864749
390
390
410,2005009
658,0816023
390
607,7556861
497,712495
390
390
437,5598951
0
390
547,1788186
390
390
0
390
560,7729838
390
501,5882274
390
390
559,3620859
496,9397192
390
390
407,7344674
390
390
479,8341548
561,4099015
405,8712769
590,342766
390
454,7518481
390
392,1341836
390
390
549,9705572
465,5952567
390
0
489,5529395
390
390
390
472,7537363
390
0
0
390
390
433,5342503
405,6100715
390
460,3016419
390
0
390
390
390
390
406,2799919
390
390
511,6446805
491,003789
403,5043391
390
390
588,1102287
390
568,08993
390
493,9386615
390
583,2929069
453,1478079
0
0
390
0
390
390
390
390
447,226355
495,1915454
0
0
0
390
390
390
390
390
390
459,1242436
0
530,7165835
390
461,2771273
390
503,4045796
390
390
0
458,596383
606,5529467
390
403,2449833
390
550,5541031
390
390
390
408,4772218
0
521,8557559
427,0905649
390
458,967866
390
516,7007592
390
390
390
390
0
467,4267916
390
390
390
0
390
0
390
390
577,2566558
390
390
463,7051348
390
390
390
390
462,8132876
390
454,0284163
0
524,4012108
455,9856654
401,713327
390
580,4908487
390
436,3361311
390
390
390
410,4560838
390
390
487,3751804
511,9797263
522,8535744
562,4619008
548,1312694
562,2880541
390
390
390
390
390
390
497,9720466
614,1394895
390
0
610,1548605
390
390
0
390
0
390
390
390
519,8553029
390
0
390
390
390
467,0074685
552,8637281
390
409,8099827
390
390
390
0
390
390
390
390
430,5528916
580,6243866
437,9661456
390
452,9371536
0
390
390
439,6005738
468,0340585
0
458,0171258
390
390
390
390
390
390
590,224416
390
442,9655295
390
0
542,5192096
390
391,3849337
544,3654023
390
0
390
410,8064316
405,4327833
0
390
663,8329074
0
441,0415552
390
0
0
390
612,2649987
0
390
390
390
390
0
390
577,2463527
390
390
564,1783425
0
390
648,4075672
484,4166101
602,7437164
391,1795083
390
390
390
0
397,3784386
641,8846401
396,1411801
390
473,6538677
401,6099322
399,8038807
390
548,6464584
549,9442079
555,6559029
0
390
465,2538118
482,3076819
390
390
390
390
393,3561702
0
390
390
390
643,0939613
0
436,3177045
545,2818154
390
423,4591826
0
390
390
390
390
0
419,7163366
0
611,7446944
427,38416
572,7506146
0
0
0
0
423,323435
534,9377247
390,014121
390
390
0
392,6746005
390
390
390
390
436,8392723
390
642,581719
454,23856
0
390
421,7385882
390
626,879296
390
596,5742867
575,0675868
390
390
390
468,3914412
390
483,7579638
390
0
0
0
497,1056567
390
0
491,6807707
568,7031305
408,2877675
390
408,9145529
390
431,0372193
390
0
611,8100239
0
440,7909261
438,3292024
445,3162905
390
555,3033998
390
390
489,0243242
390
412,5100685
0
390
390
390
390
554,7697065
407,6368094
390
535,9660428
642,1117424
390
390
390
428,1507211
390
617,7076484
436,7822571
567,1154377
0
441,1081191
0
390
457,5154261
491,7258129
395,2676861
390
390
390
390
390
390
390
390
390
390
390
390
390
538,1282076
0
513,1136631
441,5669683
390
497,4606873
390
390
390
390
435,3543065
390
390
390
390
488,2217008
390
390
390
390
391,9286047
463,26373
408,9975292
0
434,1012766
390
390
0
390
0
0
390
434,569017
0
467,2491188
390
390
0
583,8910318
390
0
390
390
390
455,7295779
390
582,3733216
390
390
447,5181684
390
501,874573
390
390
390
404,3398769
390
390
390
390
400,43194
463,5002595
440,42733
390
447,3097426
550,8329522
526,0422499
0
390
390
390
390
439,4386332
434,7997703
432,4395882
415,7891702
390
390
390
390
390
390
445,5101643
390
430,4026652
431,7559118
602,7257706
588,1625107
390
390
0
390
0
390
390
390
393,838931
0
0
390
651,2578492
433,4298957
554,5591953
0
390
390
390
421,810155
390
390
390
0
390
390
449,853478
532,9925999
496,6156787
0
390
456,7860905
424,137789
670,3422743
393,3310087
0
390
483,744733
390
0
0
390
430,1235092
520,4672829
390
390
390
390
390
421,1392407
390
0
390
0
477,6249533
390
527,3354184
390
458,1012816
390
458,3228644
390
395,6239204
390
0
604,8969112
504,5493189
395,1048045
549,9253749
390
0
420,5353499
390
411,4941955
492,2530849
390
0
606,454186
390
390
0
390
0
650,3483725
433,4984766
423,4572362
393,6703207
430,3551576
546,6282819
390
390
390
390
0
390
501,9210123
523,2418491
390
390
390
515,2693936
390
390
390
503,0656376
390
390
390
586,587523
390
390
450,0473981
566,5588313
403,2945685
390
418,3270676
390
545,3359893
390
0
390
517,6905771
390
0
390
390
420,9722494
406,8365686
390
536,9054508
0
390
390
0
0
537,2363032
526,3157723
450,658274
390
390
423,6277218
442,6868551
390
390
390
390
390
390
0
390
391,3745656
390
390
390
430,9046442
390
390
422,134902
390
638,2784874
435,4223281
482,4820384
390
462,5900457
390
489,9032711
418,2432915
505,4565318
390
390
390
390
390
648,1363691
0
399,4815135
486,3782891
461,2770997
590,4573569
390
579,8427649
419,8698186
580,7885684
390
390
390
390
390
390
477,4422025
390
390
390
390
390
493,4980198
0
558,9464136
632,2022429
390
593,6294188
400,917295
0
390
390
390
390
483,9701991
394,4542829
505,176863
390
611,9766395
390
435,4837194
390
390
650,1652739
390
408,1784607
546,3191523
390
430,8250308
395,244034
564,5893421
390
413,9274107
0
665,6297328
390
390
0
576,4540579
390
0
390
488,9507119
390
390
0
390
461,1698761
634,4044133
390
489,1052536
390
0
447,6932512
390
0
0
390
390
390
393,4195712
485,679054
390
390
390
390
517,4940941
390
0
390
390
390
390
484,2102764
471,0348289
390
461,0869748
390
390
412,7179078
390
390
0
409,7952836
422,5945079
390
411,1111511
408,5110618
390
390
390
401,7155004
390
390
441,9056729
390
497,4272068
390
390
402,2999822
390
390
390
0
0
0
390
488,7291801
390
390
427,8427319
0
0
390
585,7170715
390
390
390
390
483,4171661
488,9901675
390
0
458,5910855
407,1364245
0
391,634523
390
578,3398568
425,3718401
390
406,2387086
390
478,3127496
635,6080377
580,0624869
417,5670125
390
559,1065791
584,4706844
390
390
548,5382685
390
390
581,7026954
390
419,9268825
552,5007574
390
390
390
390
390
654,739781
507,3485326
0
449,5340096
390
390
390
419,3685329
430,324004
398,723182
390
390
428,0760328
390
626,9579834
485,4632585
0
0
0
444,027321
435,0452619
493,2860457
487,4804982
400,1052798
0
0
391,8559642
567,9797928
390
455,2042556
624,2947608
390
390
390
390
390
390
390
390
390
466,4491889
0
390
0
492,1126791
390
390
0
0
390
390
405,3928791
390
390
390
0
0
390
0
390
457,5288065
390
480,277785
483,3143972
520,5414015
420,4106384
390
0
476,5519974
390
504,4786684
390
0
584,3958761
0
416,0797742
414,7492082
639,3624501
390
390
390
390
390
413,400748
468,8476605
0
390
546,4453095
459,6897403
390
403,6920077
390
390
532,6186812
390
390
390
390
420,1138637
0
427,4061195
390
390
390
0
0
462,8125289
390
460,5798693
451,3174467
415,9095828
589,122417
390
594,8117368
0
390
390
390
0
0
439,3676868
0
491,2983497
390
449,6572424
390
390
500,9150233
0
392,4111912
390
390
472,7371665
390
390
390
633,8292001
390
390
390
390
390
390
390
390
390
475,8386612
390
390
394,3788678
390
562,6125183
438,9302586
489,9834085
524,6317537
390
416,5270597
541,147037
480,9811653
428,1563283
0
390
390
390
390
390
0
0
476,7047698
390
390
0
390
417,2999565
390
390
390
592,5458147
496,9382369
390
390
632,1125549
0
537,8442864
390
390
390
479,4106242
390
0
393,3743517
390
0
390
418,3838826
390
420,9589492
390
390
426,9516831
390
390
0
392,9324775
0
390
390
390
390
0
390
0
617,2986287
390
390
415,6553695
390
390
390
390
390
390
390
390
390
390
390
390
390
0
390
0
390
0
390
476,6318172
498,2220349
470,160294
390
390
390
632,0597696
390,4004404
573,6953081
390
390
507,0437538
611,4099649
390
527,7038492
531,5860076
419,364863
390
390
455,9638575
390
581,3581716
390
0
390
602,5796919
390
451,1977158
390
390
452,6372561
390
390
390
390
0
637,4856098
390
564,671809
0
390
390
390
390
390
0
527,4568125
410,8274867
390
426,1102265
541,3110493
390
580,3943876
401,7552452
390
390
390
0
390
512,8076238
0
0
519,0506072
390
390
396,1150673
421,817177
390
390
584,5206545
390
390
519,421225
390
390
390
390
390
390
562,3588821
0
395,7462226
390
390
390
0
0
0
594,3570921
399,9921608
390
390
390
390
0
445,604704
538,2177311
390
390
390
597,8447898
390
390
390
390
390
0
470,153573
390
390
390
390
390
401,1329602
444,3590982
523,497008
398,5959958
390
390
651,1718144
0
430,0123863
390
390
437,3615188
541,1926359
534,9189844
390
588,1045127
390
0
0
489,2287293
390
390
481,9321971
531,5652586
390
0
554,512827
390
0
0
390
0
585,3480335
406,0064967
0
492,5312221
390
390
390
390
390
442,100197
390
390
390
0
492,4720772
418,1757115
390
474,5609684
390
564,8853087
390
390
0
390
0
390
390
423,259004
419,6433931
390
390
390
509,3190244
390
0
0
390
591,6262506
390
585,486546
390
0
400,6983303
444,8753252
405,7507506
390
495,5448449
390
0
390
390
0
390
390
412,9874225
390
410,0492373
404,6665448
390
404,2961721
484,9009966
390
390
433,9391374
390
0
548,7504887
417,5353585
0
545,6565677
430,3602948
390
390
0
0
390
536,7286348
390
390
390
610,5273099
402,1261912
498,0987406
390
435,0001184
390
413,1534323
390
571,5898992
390
390
459,6591432
521,5706973
390
390
0
487,5444698
390
553,6206164
473,3413208
551,0801591
0
390
390
390
457,7038279
390
433,3946764
551,4510781
612,4056141
0
499,7458912
0
435,3185046
514,2898099
455,8728429
0
444,1771832
0
390
390
390
427,3343012
397,8107545
390
0
585,1263958
513,9099431
390
431,1159211
390
390
554,9815403
0
390
481,1692475
390
470,552478
390
0
390
390
390
532,1757262
390
390
501,605657
436,6667725
394,4930614
607,8831367
472,9833393
0
563,8922634
581,649037
390
390
463,4683024
413,0649318
390
390
390
390
398,535169
502,8775468
390
390
456,8897148
390
469,7418194
523,1427157
603,5263636
390
390
0
398,1084307
390
390
488,6794693
390
390
584,4953423
0
0
0
390
566,7890247
390
498,2976925
405,9137163
390
390
499,4938674
390
390
390
390
0
390
390
390
390
390
424,9339243
390
590,2785199
390
390
390
390
390
390
0
390
390
0
390
432,1793653
0
390
439,2065905
446,4366235
390
414,1223226
556,535393
659,1122742
390
390
520,3307152
390
390
582,0997237
484,7888215
460,3285425
390
401,1595403
0
0
390
390
436,8388269
390
390
390
390
390
390
527,7962393
390
407,635383
0
390
0
390
0
390
509,8053888
437,123879
390
433,6331735
450,1022487
390
390
390
508,0244915
390
390
402,7455693
421,562156
481,2820141
390
390
390
390
390
390
612,921196
397,5567379
390
0
390
390
440,4815707
464,567939
511,9472121
551,0851071
501,4524732
402,4915805
599,0724481
622,8516274
417,476068
390
390
390
424,9232355
390
0
390
390
390
390
390
526,7115678
0
583,1244955
471,2274868
0
390
412,655468
0
565,8688003
390
0
543,3802068
397,3299557
607,6932366
0
0
390
390
390
501,9913022
497,344084
390
390
0
657,2071269
543,9221093
0
0
541,2325393
529,8553903
390
576,6036047
647,072304
453,2209332
0
643,7002878
613,2476418
0
390
390
390
390
0
0
0
547,1143374
487,3555401
0
562,3328169
0
390
452,3772962
390
413,912066
390
516,4230185
390
452,6627788
405,0809586
0
434,0774649
390
390
524,5857301
0
390
541,8121577
594,1529434
0
524,6994105
390
438,2091229
494,7086761
390
390
0
390
393,1162798
390
535,5561995
390
390
0
390
0
505,0878606
407,0806086
399,6223698
598,8228229
390
390
418,3363118
404,8732942
447,9606415
564,8160194
0
390
459,5966636
390
573,426298
390
0
531,5877502
390
518,9062683
390
0
502,7064806
390
0
482,2689952
397,7785224
472,961613
390
412,2906667
0
0
390
498,670125
469,6531295
0
390
390
390
390
390
0
0
0
390
390
390
399,5911267
502,0160251
390
0
390
390
390
565,4140516
447,6013375
0
0
470,5936911
0
400,6270208
575,9977451
0
390
0
507,9637095
390
0
390
390
432,7392856
575,093101
390
0
0
536,9823122
454,098261
613,8253875
390,0669904
435,6381016
390
464,5509717
426,5374562
0
390
0
482,1070412
390
390
390
0
390
390
0
0
397,2860353
390
390
390
390
511,6100107
390
0
454,1549462
390
0
390
0
390
405,5286652
390
0
390
390
390
579,005838
417,2162753
0
390
0
0
426,8191665
390
545,0739382
0
390
572,8325993
390
390,9783969
390
390
390
390
390
390
390
528,8272378
390
513,588409
418,7920766
390
518,3508173
411,5627298
505,544478
390
390
0
390
518,099408
427,9939263
0
0
405,5072714
517,8182449
390
390
393,7920293
390
390
0
390
441,9522388
439,7228328
390
607,5899648
390
484,3129038
390
390
390
634,4293489
390
0
390
495,7349834
0
427,2615691
390
390
436,8465832
390
0
0
0
0
390
390
511,8457038
0
390
0
390
399,0173363
0
390
390
390
534,3630671
595,0784268
390
390
390
0
390
393,5924116
492,1792445
390
390
390
390
0
427,2355213
390
390
462,4921621
581,186366
527,8171587
390
455,1935371
390
390
516,5360592
0
583,4858115
526,0916915
390
430,2808048
390
390
554,2137752
424,3172542
424,1443909
390
390
390
443,936031
519,7158394
390
390
445,3161333
390
435,3478826
390
416,133067
545,8019025
390
452,6283202
390
501,1363593
390
390
390
486,8085095
390
390
0
390
390
0
541,9323682
451,6656903
390
390
451,3602837
390
390
390
390
390
390
390
390
498,9498676
390
0
390
390
390
390
571,9167854
501,9545858
607,2863793
390
449,1613122
410,6081688
526,0373507
390
0
390
390
390
390
0
390
0
529,2760701
490,6729094
435,2233327
0
390
390
390
390
390
473,335381
390
0
406,2911635
467,391496
390
644,363401
390
390
550,1909991
390
511,8390176
0
390
0
390
538,2539566
390
390
390
390
535,0088212
0
390
390
407,0300353
390
398,0473462
390
390
427,9381249
390
512,9538556
390
405,9076044
390
390
446,825403
0
0
390
390
390
390
390
390
533,4914255
0
434,3985098
390
433,0562595
390
390
515,2780869
0
390
0
0
518,3525177
427,1663264
390
570,9833735
390
564,4659129
390
495,2690955
390
390
390
431,8459581
390
390
406,8220605
563,5139035
390
390
390
390
401,7616882
545,1512766
0
390
459,2547138
441,5170566
419,9955517
390
411,8077587
513,2799623
390
390
456,2959501
390
390
0
551,4361307
452,4799747
390
390
394,4508535
390
393,7409306
390
390
414,733523
390
390
390
458,9337977
635,1840718
0
0
390
629,8287056
401,733454
470,6974143
484,3706045
477,0750605
545,0500862
0
611,6889197
390
390
497,641662
0
0
499,0110882
0
0
390
554,5253297
398,4582521
0
390
0
410,1105695
543,6605147
390
486,0640451
390
411,4606226
569,7100419
413,0104207
605,1694088
546,7994077
390
572,3306472
0
390
0
538,0798518
390
390
390
676,6050945
680,6639852
566,3771283
530,671188
390
390
390
504,4730797
390
390
390
390
390
390
390
390,7153014
0
477,306733
605,6778716
390
390
0
406,7089778
465,7691973
423,6051227
390
0
390
390
390
506,2601436
0
390
540,1731851
495,4666948
0
506,3425973
390
390
390
390
0
0
390
399,9572974
493,0728963
390
503,8579142
390
390
590,6546804
578,964189
402,5566883
390
390
394,2693376
0
390
390
390
0
390
486,7438724
0
551,9976066
390
592,2685159
390
0
607,7380074
390
396,9415088
542,7159398
390
390
390
390
0
390
546,7865111
439,7805701
522,6205512
533,205412
390
434,1418831
0
390
522,36753
574,488961
390
474,2851255
455,8853656
461,1508427
397,7495692
577,8484582
581,9060724
498,6925175
390
0
465,3083864
0
390
390
390
390
603,1276176
390
423,3318422
390
401,6348702
505,3376118
610,9973881
390
390
390
420,4814535
390
581,7717993
390
454,1479779
0
0
390
596,0444976
390
571,0578867
395,6980615
390
445,9627475
608,4386068
515,5007045
390
495,6905303
494,3002941
420,3827468
580,1181564
390
421,0685392
0
577,6518552
390
658,0650044
455,3040641
390
398,4751307
484,2469258
390
390
0
540,9770442
0
427,3078124
459,6238853
394,3004719
0
390
390,0590996
424,8957597
537,4364176
588,1590996
474,7064246
390
390
390
390
0
435,1635009
0
0
0
390
390
488,0521045
440,222972
487,7937458
495,659057
390
390
390
0
436,142699
390
605,0108548
490,3637049
0
395,0536956
390
0
390
0
390
475,2317218
0
571,0387938
390
463,7578306
0
390
614,4918576
390
421,2751343
0
390
390
390
390
469,1122005
390
390
0
390
390
398,8593086
632,7118201
390
414,5656275
0
390
390
390
390
390
548,0991323
519,6720872
0
390
0
560,0347054
390
390
390
441,8198121
413,218992
390
390
0
390
390
390
390
390
390
517,4055554
490,8172274
0
390
416,2856521
390
390
435,5348237
390
390
0
390
0
390
592,6502987
390
390
573,5248483
390,8038893
433,804188
597,1200331
390
390
600,0667989
390
390
390
431,897485
485,0058358
0
0
593,1897048
402,4573067
390
392,7693404
0
390
565,3157128
390
444,7919604
390
390
390
407,4113292
474,9494871
390
427,2962783
420,874748
390
498,6268207
390
390
0
395,4460754
390
482,7444387
390
399,0452584
390
390
436,2260761
390
390
424,6996357
396,522489
390
390
390
390
405,5790568
390
418,7328121
411,5889934
390
390
658,4852721
461,0361468
439,9484659
586,1746108
390
390
390
390
390
507,4263415
390
0
390
390
484,393848
393,8871442
504,2015243
390
609,584312
472,9144006
390
0
390
420,2264524
409,8688419
390
390
390
610,5951557
390
564,4818089
390
544,3176478
390
390
509,6490103
564,2963189
390
581,9374787
390
390
390
414,9726583
390
390
390
390
0
0
390
390
390
390
390
390
390
478,0450281
0
404,6529532
650,686287
0
390
390
390
390
475,0236363
476,4679041
390
0
0
397,8477025
390
390
390
0
0
390
546,4085517
475,1475731
390
441,5736538
390
499,2285829
390
0
390
0
0
529,3592149
390
390
390
390
390
390
0
0
608,0588618
561,4811845
492,0540691
390
390
420,2455198
463,5613227
390
390
390
390
406,3739019
390
390
450,8878777
390
502,2175053
0
428,2432838
390
390
390
390
570,1345836
409,8128412
0
390
583,7179769
462,6668314
390
0
390
407,3668511
390
390
390
0
438,5473319
390
536,7819054
390
411,9953707
0
390
442,3134996
393,5877056
429,3547833
390
465,1489214
0
390
0
437,2634778
390
390
390
390
0
550,9095755
390
392,3593652
0
390
390
390
516,3472414
462,2282348
390
390
489,3353062
390
390
421,1295687
390
413,2404191
390
0
431,2441224
390
422,0194026
638,2700977
390
0
390
398,9835501
390
390
415,5723478
513,3885458
0
445,8997797
644,3884408
390
0
390
390
552,6566262
390
390
390
482,1883595
390
566,1027344
390
0
558,0920515
395,0038767
395,2451108
0
390
0
390
460,4360004
0
496,6498943
390
390
524,5176514
396,0927232
390
559,4865603
390
508,5990695
390
390
0
0
390
426,6667292
459,8230533
390
522,4134782
390
393,0822965
0
390
390
404,8722448
390
390
390
390
390
463,0331322
400,4200111
390
390
0
662,0678841
412,4118888
420,6950469
404,240789
390
390
465,4510696
448,6836171
390
390
0
390
494,2661967
402,1183748
390
427,3982997
428,775626
0
390
555,1019783
390
390
0
541,4470122
390
390
390
593,3694263
0
390
390
390
390
423,582188
390
500,2407742
390
486,3014545
0
423,4293056
390
521,017669
390
390
390
390
390
443,5716156
0
557,2127849
0
412,0977284
390
663,9624831
0
0
390
573,3974584
448,4387086
479,0439124
390
401,5741208
390
490,5325417
0
390
390
0
595,2702746
0
449,8132252
390
390
450,5462456
0
0
495,4525535
390
0
390
390
434,2447449
432,0520136
424,1809212
390
390
390
572,387516
393,3201072
0
390
390
0
0
0
0
662,4650178
0
0
390
390
537,9482832
459,2875431
508,0346984
481,1507651
453,4416351
390
390
390
390
493,3142032
390
390
390,0723909
390
435,6381621
483,2988426
390
479,8360992
393,3571798
390
390
0
524,8810824
390
0
390
390
534,8687734
390
507,8607031
390
390
515,9217229
0
390
435,3353874
511,353706
503,4310124
489,1883142
494,5640056
0
390
0
390
390
0
539,4539138
390
390
390
0
390
523,478596
0
589,6181487
390
553,6273207
390
407,8950461
390
390
390
390
441,5298281
390
390
390
519,485728
390
569,6155879
390
537,5281957
488,7066849
390
390
390
0
0
390
390
390
390
390
450,7545045
496,6214931
390
390
390
390
446,614771
514,2075365
0
539,2401991
390
437,3549425
618,4039965
390
390
394,5879294
473,022462
401,8138699
390
608,2446887
437,0675395
0
471,3554767
390
514,5598277
487,7573424
0
0
390
433,7423694
402,7006911
461,1420198
436,2465516
390
390
429,0255701
390
598,0514482
390
413,9179829
390
490,8381716
535,8121426
473,4538945
390
447,3571947
390
402,7019016
658,6284982
522,1923756
390
0
618,1062824
390
398,1663853
513,6499731
465,4477848
390
390
0
428,9692716
407,2044575
390
563,1791506
619,1676691
390
400,5110634
390
390
390
390
598,9826112
510,1914162
390
390
394,6618276
390
390
390
421,4273375
469,2528354
0
551,3039529
390
392,4668702
560,4311521
390
390
593,8976934
390
482,0737509
579,5493206
456,6541082
0
390
390
390
390
390,9113431
390
526,0589524
534,6425208
641,8693629
390
390
0
390
390
390
390
410,4893188
390
488,2508568
390
390
390
0
390
396,5389888
0
0
0
423,7020867
390
0
390
407,2849034
390
466,8965406
390
444,0944519
412,906702
482,9116356
473,8434316
424,3176151
390
390
540,5030172
485,7630301
0
390
408,4298693
390
651,7312422
390
399,1538759
399,1908346
453,0042072
390
0
390,5690102
390
547,2837815
390
390
390
390
0
0
444,2369364
669,6593669
570,1023148
0
390
390
390
390
407,6953778
419,617005
450,8218302
536,1249471
390
390
463,5861052
0
539,5500628
390
390
419,4980478
390
390
390
419,7375359
501,6686455
490,793264
405,9303186
440,3345469
468,7193063
0
0
446,7923905
390
487,4433516
390
390
390
390
390
390
390
390
594,4052132
390
533,7614634
498,5533251
390
393,4935204
390
390
409,9164149
0
497,2547153
390
390
418,8846392
652,7143946
390
390
623,4522888
617,9489544
390
390
390
546,037742
390
454,2142338
390
496,642375
390
0
390
0
417,5923893
390
456,1773076
653,4625644
390
517,4592706
426,4191625
0
394,2965015
390
422,302034
390
437,0211585
415,8020794
0
568,2682518
0
482,6011987
414,1244232
390
390
390
422,9720602
427,7979178
487,5645382
0
390
636,4982342
390
410,9317181
0
479,5776211
595,8996124
390
390
474,9432812
0
390
467,6843136
0
443,026219
0
456,7565568
390
492,0629171
400,9760718
399,5906203
417,7515423
390
0
390
390
416,1424876
390
530,2493555
0
0
526,4548803
390
398,8582511
390
390
390
571,6589246
460,8048747
390
482,6719388
438,0281485
0
606,1870898
390
504,4458133
390
0
497,3055263
390
579,1807878
422,3676864
390
390
390
412,5700784
437,4657007
390
390
612,0574543
441,739696
0
411,3663606
390
390
390
578,7722136
390
390
390
0
445,4573527
390
390
390
390
0
390
390
625,2427752
430,339442
390
398,1657927
390
390
390
390
410,7681103
479,2092553
390
390
390
390
390
468,837848
0
390
390
0
501,0248816
422,5091167
432,1309603
390
460,4699566
390
435,2623969
390
390
390
436,7121959
436,0912349
390
408,2233221
390
390
390
390
390
390
447,8017097
449,7456298
390
622,5005566
390
493,2431265
0
390
419,7478985
0
408,0150547
0
390
390
390
390
390
403,5602383
390
390
584,584668
0
390
551,7075395
398,5377596
390
390
610,3578789
486,4672853
565,7361875
392,5861691
421,7612947
400,0316477
567,2873884
445,9022891
563,3246799
576,258766
390
390
0
390
484,6176288
390
390
421,6229645
562,3295212
0
390
458,2702591
390
390
390
491,862377
390
390
535,0193494
582,8906463
519,0300006
0
0
0
390
0
0
0
390,1061076
390
409,942316
0
514,8400836
452,6259217
390
0
0
390
390
390
390
614,4345056
0
403,9989378
390
471,4676691
390
433,5700396
0
390
390
0
390
495,7846417
390
390
390
390
483,6266955
390
543,6850343
390
0
532,0295291
390
390
408,5162088
417,2077897
390
0
486,787475
390
431,5560275
390
508,1106092
390
390
390
0
0
390
390
390
434,1221833
494,7018474
391,4461474
390
390
402,3870891
402,562542
390
397,9231379
485,1403805
390
507,7261653
390
0
526,3490281
415,8538007
390
390
390
571,6724529
390
469,0111013
456,6032258
545,1545917
435,2052667
390
390
0
465,5839161
390
0
390
390
390
390
0
0
525,0505876
390
390
390
447,532386
502,4450276
494,7953635
390
0
390
390
511,6128596
390
390
513,022413
455,264782
390
390
390
390
390
392,4948671
0
632,7597846
428,3222136
396,2113838
390
390
390
0
0
390
422,2745327
0
396,4503225
390
390
0
390
390
0
390
390
392,8161218
484,9575255
0
0
528,4734711
0
0
403,9935848
636,1806044
390
541,2576809
631,3323811
449,612971
493,846944
0
390
390
393,7208839
390
488,8689467
568,7442962
470,3298307
406,7618092
390
390
535,517145
497,6534148
390
392,9964529
390
471,1418375
390
476,4506091
528,5835774
528,2399256
0
512,5725402
390
529,3852066
390
390
0
390
390
415,2731499
0
390
0
492,9080127
482,1137915
390
390
390
407,9903332
481,3843176
462,9939973
405,1633896
421,2602843
513,1409164
467,4785238
467,1270956
390
390
0
390
396,5257123
390
390
390
0
390
568,4949108
624,1465147
390
390
429,6699768
581,7620604
453,8316719
390
390
451,5435887
414,3586089
462,6448133
390
439,5300587
468,7910057
390
505,9088059
390
390
455,4228446
408,2037261
600,0110903
467,2411204
556,6400491
390
390
0
0
390
457,3856693
607,6615887
390
390
491,7465646
390
413,4300352
418,6396994
440,4233748
395,769156
0
414,6735834
390
390
424,7944815
488,0694732
390
678,1083823
390
538,1365635
538,8803378
602,4556927
390
401,9918262
425,6313399
0
445,8078485
545,4697488
0
390
390
542,6262381
422,9409053
667,7668361
390
485,2706546
390
390
411,3804268
515,3989443
477,9630476
582,4079605
399,5025131
502,4291835
390
393,1338073
559,9576026
390
0
482,2322602
604,5026635
390
0
0
421,4482451
390
390
543,9398681
390
0
390
509,681041
390
0
442,4318226
390
390
440,838182
390
390
528,8220291
461,7010813
447,1997272
390
541,5747006
390
390
390
431,692244
390
390
473,9230256
0
412,6090571
390
390
405,8097263
494,5287866
390
390
390
390
390
390
604,5507231
390
392,8143033
390
549,2323445
452,0186467
402,2050922
0
390
390
439,5954889
390
434,777868
559,5608727
390
390
0
499,2248794
549,3629063
390
406,4151331
458,2808463
637,0770725
490,3932397
390
603,7402562
420,1418186
0
401,7212879
390
390
390
0
454,0793962
0
411,8009819
434,579465
557,9566869
462,644492
557,7931434
390
390
519,6995673
0
534,6304929
390
409,0673342
0
417,8477323
641,1220674
448,9862834
390
436,5630555
390
390
411,2189487
0
390
390
490,658917
390
456,1074295
390
417,3884824
390
390
562,5569226
390
430,9280608
390
390
586,5003191
418,9077012
507,2211741
479,4800164
390
441,8615692
390
390
390
390
390
390
0
390
390
597,149343
0
532,6259469
0
443,7716435
390
0
390
556,539122
0
390
390
546,0618877
390
501,4781904
395,9121605
390
477,7965404
0
390
390
390
602,344787
500,3519998
390
390
390
434,8356934
415,0709283
415,1075551
390
390
390
510,3722888
394,0122621
402,7501627
466,7357198
390
390
563,8303736
390
465,1479783
390
0
486,4162281
557,670475
0
390
390
390
563,4432585
390
483,8239881
0
390
390
390
0
0
390
390
576,5767421
390
0
492,679847
428,8457613
473,303155
0
390
390
390
390
553,555006
390
390
390
390
492,0221781
393,3337129
390
390
390
551,0017762
0
390
0
390
622,4671616
478,1608557
524,3364002
500,3060375
518,0902579
390
486,2737189
390
390
518,9892973
0
390
0
390
390
0
390
638,6990404
0
390
390
397,3774868
390
449,422573
390
492,7589693
390
400,2844126
0
466,6042129
664,3359085
467,2895019
398,468546
390
0
390
390
616,6557611
390
390
390
390
580,141288
420,8912193
390
390
0
390
390
0
390
412,7420045
0
390
499,4540792
390
593,0831433
0
542,2388185
390
390
390
390
390
0
455,4433119
0
474,329715
400,8664927
390
406,1297618
390
390
390
569,9445958
390
390
0
390
0
390
464,296831
390
390
413,1173459
390
390
404,3305245
390
390
496,5339384
0
390
423,2591169
390
439,231311
390
620,3925692
390
0
390
512,4861389
0
507,7902556
543,8241637
0
409,7064811
390
523,877973
390
484,3875338
390
390
0
453,3348434
390
390
0
390
390
545,9950447
0
390
446,0368487
390
390
580,6976356
0
441,8925783
390
390
390
525,7926261
471,7049922
390
0
0
556,5398579
0
390
419,7678066
451,7013021
400,1408294
524,3071316
395,3972971
390
415,5492621
476,1187575
504,2942533
404,2781377
432,4381623
553,0765377
390
475,9048832
0
402,7655613
390
454,4140412
463,5873428
390
390
390
390
390
654,9830777
0
422,1511901
390
390
390
531,2724637
448,5487159
390
390
390
390
556,767657
390
390
499,8076982
0
532,3259414
485,1542571
390
632,4657922
551,1750169
390
390
424,0118804
412,5981263
0
390
390
573,6083291
390
446,4975293
0
575,2827782
390
390
390
0
409,0974553
390
390
0
390
390
450,3967336
453,621776
468,2629157
420,421169
0
540,5101919
390
390
390
390
395,6570236
538,2723274
531,5244566
390
390
520,3696977
427,6827965
390
390
390
400,3400091
643,0977971
390
390
503,0632007
390
464,1450414
557,1482975
390
390
458,2054394
662,6260466
539,1971094
0
390
390
390
390
390
390
390
430,27615
390
419,1036312
558,7544821
390
390
0
434,885184
390
403,1947654
390
390
390
546,2437084
489,0786067
0
461,4881484
390
390
390
390
390
604,0008867
555,7548728
452,9952472
521,8151522
533,8777322
390
423,0123926
424,0940656
648,9156982
0
390
390
390
390
390
523,6706822
480,0442874
398,1038802
0
401,6479103
390
473,9193642
423,2024405
390
390
390
457,4021505
0
397,1852748
390
390
659,2985139
0
440,7317654
390
390
390
507,9120224
0
546,8819537
467,7693219
390
0
390
390
401,138295
450,9562773
390
390
418,888559
390
395,1587781
406,6232649
495,3720918
0
390
390
391,4806204
390
390
390
390
605,0785055
390
471,5088981
390
390
390
0
497,03711
0
405,2815611
0
462,1401664
513,009727
0
511,9217635
494,0491291
435,7197295
532,7069344
430,8506773
483,8055453
0
390,922092
496,2592105
390
390
576,8205869
422,3922547
390
0
390
390
390
454,3547302
452,1183992
403,7224202
390
390
390
390
390
0
458,0266956
494,6407883
390
390
390
456,6469781
390
521,2121618
0
390
390
390
390
399,595301
413,4331533
0
564,1208774
390
542,7174086
402,6753695
0
390
390
390
390
390
507,0265738
432,1790322
0
390
597,4741892
475,558514
390
450,0982889
0
0
675,296992
0
390
390
566,5137575
630,8392211
390
392,251995
407,354545
390
391,0820741
0
390
0
471,4098993
487,0667719
0
527,5265117
390
631,8781161
390
390
390
424,8725096
444,2853411
395,6986671
0
0
0
451,8174624
390
390
390
0
0
473,8467215
390
390
390
390
391,76259
390
479,9719998
390
390
390
0
390
390
0
390
390
402,9651479
0
617,8840624
446,0050501
599,5271854
404,112783
390
390
452,875199
448,9265004
390
390
390
390
390
390
586,9509282
390
390
0
390
390
520,6193459
447,9372811
528,1322991
390
390
390
0
472,6241645
390
632,3749875
390
474,339558
390
0
0
0
390
0
0
435,1874418
390
422,1407892
390
0
390
390
390
447,4352991
0
437,2940249
490,5002942
598,1859519
390
390
408,6703379
390
390
421,8381879
445,123521
390
627,9324011
0
390
390
575,2554058
390
0
478,4454383
390
554,2870008
569,6290362
500,7700906
390
0
521,1633789
544,3217135
0
0
636,3614935
439,5412535
390
563,9463644
390
390
390
392,5167286
390
390
390
390
390
499,3508591
390
390
0
551,7563575
390
390
447,4758411
625,0465607
566,0874903
390
558,6158899
493,6864792
390
390
390
390
0
590,0973003
390
390
390
0
390
0
617,751492
457,5353978
513,1017182
390
390
390
0
390
390
390
435,628852
429,3642266
390
390
390
0
390
390
0
390
392,5550131
390
523,6955071
442,3417486
390
390
428,8925708
390
390
390
390
390
570,619924
516,0451615
390
390
531,2062686
390
390
390
0
527,5424869
461,7151582
490,1754469
0
528,503364
392,9510649
390
647,6459606
0
390
390
390
547,2974655
485,549132
391,2465288
622,2009005
390
390
390
390
390
390
390
0
600,763635
390
390
390
390
390
524,9265828
588,5704374
423,2389806
484,0892217
391,5110951
390
390
425,813074
611,8610253
390
587,2848363
390
390
390
390
390
465,6460998
0
449,4878698
439,8442851
0
0
539,7693655
473,1747088
522,6720698
0
394,0439517
390
461,3771786
603,1494932
445,054745
390
390
390
620,1192237
0
601,8871123
453,6571876
510,455967
0
481,9705709
584,2801165
0
0
592,7354971
390
390
432,4934528
580,4135412
390
603,5783816
634,4305294
421,3418996
426,6235014
423,6598054
426,1055155
0
390
542,9119695
564,4601993
390
522,6300964
390
390
390
390
390
0
0
609,5242384
390
560,9165257
390
445,10715
406,0307321
0
390
600,6182605
534,1781023
0
0
0
0
532,4286896
547,1216814
390
636,3226976
390
390
475,1714847
390
390
515,471959
390
0
390
0
0
390
390
390
415,9842032
390
538,2066386
393,8618581
463,0747579
623,638186
414,3074138
390
436,2845538
468,0896663
390
390
0
390
390
498,659241
391,3399191
437,6694296
390
390
0
490,294515
390
390
0
390
390
390
645,8619253
390
390
390
390
411,7131413
390
390
390
390
478,7930583
390
390
390
390
392,560347
390
390
390
531,9311631
390
390
390
421,589862
411,7702208
390
390
390
0
451,0238125
493,2964579
390
439,7296166
0
556,6929937
390
0
390
0
401,6607328
0
0
609,0752612
0
390
390
390
390
390
464,4453711
0
655,3645698
390
390
476,6361036
501,8555405
390
390
651,7787636
390
390
482,3325033
390
390
390
491,4306774
390
390
470,8400829
488,2395138
0
390
453,5275581
0
390
390
390
596,7414641
390
525,7869509
463,4504534
390
390
553,8584945
390
390
493,7734683
671,6239637
0
0
452,1172939
390
390
390
0
390
390
390
390
438,0007463
390
440,5913079
522,9353735
390
390
390
430,7511156
494,8688781
0
390
390
390
640,2190753
390
0
390
467,6590763
0
409,5895085
390
470,4223731
390
409,0755358
587,2629944
561,7851478
521,7640231
478,4956931
0
390
390
625,9631137
414,313272
390
390
0
0
390
402,9455194
390
448,2788012
470,1257387
390
604,8687667
0
0
390
390
451,8829798
625,924735
504,6957187
438,0036007
390
390
588,2969067
390
390
527,4961418
390
390
522,835175
390
474,539461
577,8924951
390
390
537,7811424
644,9416449
0
390
450,3483744
390
664,9293133
0
390
470,4984307
566,899903
425,6396568
0
390
390
418,1783666
390
390
390
455,5307754
0
496,3314089
390
501,1000915
458,575015
390
390
390
601,6347005
390
490,8680274
0
390
390
436,7243049
400,3199363
390
0
0
390
390
457,6796825
0
390
0
648,5830792
0
0
390
390
471,6775677
0
390
498,997411
390
390
0
390
432,5706899
495,7809986
481,162525
390
390
390
390
390
390
390
390
390
0
396,3337632
390
596,5263072
390
390
457,9273692
390
397,5246258
551,2668979
630,9760997
390
390
435,7949413
582,8655518
0
390
390
390
0
556,7278064
390
402,1882312
390
390
390
0
390
390
490,0562377
390
390
390
390
390
390
453,2760535
390
390
390
0
390
451,7146932
467,9185366
390
390
588,2773652
390
505,4460844
390
390
577,9310706
480,6038787
438,8069177
390
390
568,134654
390
540,980383
390
390
415,5737456
390
390
429,1748938
493,4764737
390
0
390
390
390
390
428,9986281
508,4279659
0
390
569,7793759
456,4737466
441,2750791
390
0
430,7131172
575,7929301
390
390
390
390
404,019678
580,4587671
390
586,5818858
395,8686352
0
390
0
390
390
390
0
435,6619953
445,5574463
390
390
390
390
418,8809833
390
417,9802281
390
0
541,5324279
390
0
0
390
419,5476488
390
659,6084226
390
0
390
528,4528199
630,4771075
390
0
0
390
418,3753948
445,8701079
390
390
390
390
494,494336
390
0
0
0
0
0
0
0
447,2885476
433,0587158
390
437,7093246
0
541,7706337
390
390
390
558,9579233
596,3596149
390
466,22804
390
411,373355
0
390
390
390
0
475,1519419
390
392,8917999
390
390
680,8846514
603,6819752
390
390
390
0
0
461,7339768
539,9304087
448,4830161
390
390
0
405,3060368
390
634,6140912
522,4182501
390
0
409,9542808
0
605,6199921
390
403,2497694
390
390
416,0434307
0
390
390
390
390
390
390
552,2321306
390
410,5421804
444,0893222
515,9509803
390
390
401,3127972
390
390
390
502,9801213
390
446,6993916
529,3862176
390
390
390
391,3635485
0
390
390
484,3524051
390
435,8150944
390
390
0
547,7060607
390
390
588,6703831
390
589,7618017
390
390
390
390
390
452,6119725
597,4219935
0
464,778998
512,824173
505,6494409
390
390
390
390
567,8858208
436,9973148
390
390
412,2675258
390
468,3202068
390
390
514,4950903
390
390
467,1888463
398,1868942
390
582,2252915
390
579,5959358
545,7284649
397,557761
0
510,0859717
390
390
390
0
0
625,6874273
390
0
505,3659308
0
390
390
390
0
390
494,3880747
419,3479514
390
414,9804853
0
445,7528764
390
583,0709125
390
608,4868939
390
390
390
609,387433
390
390
390
581,6149837
390
0
483,9482745
0
390
390
637,0943173
394,3879104
390
0
390
390
390
390
390
0
0
390
532,5160567
442,7132036
390
0
0
452,2838548
390
523,6090269
390
428,7346268
390
412,4884032
407,423986
649,820411
390
416,1741891
390
418,1882419
400,3111614
476,9131156
390
562,2931524
500,0168206
390
390
392,2887982
390
409,8206552
390
390
430,7909389
390
491,8130411
390
419,2965991
448,9154948
390
390
390
390
0
390
390
0
390
0
536,6629747
532,1636866
390
390
527,6428019
554,3182827
390
431,2950052
408,0982245
420,6493357
441,1779578
0
390
390
390
501,8282268
390
390
390
390
498,265697
390
390
497,473803
390
390
468,61288
0
563,2271539
429,8890743
0
390
390
509,4000857
394,2265114
390
390
390
390
390
390
505,6934237
390
390
0
390
390
431,3239711
0
390
390
479,1882977
390
0
396,7602597
390
479,4264462
576,8185452
395,3073628
390
390
424,9902547
468,398684
390
390,065243
390
390
390
390
390
390
390
453,4611367
0
616,751206
492,1846582
390
390
390
571,0199869
390
498,2906406
0
0
488,4981175
405,9596628
425,2111824
390
0
0
390
390
390
433,3286571
390
583,3542108
390
390
390
390
390
478,83323
390
0
390
472,4451679
391,0170733
390
390
469,5846453
0
473,6854229
424,8279334
390
419,6138704
390
390
390
390
390
390
615,5870598
390
390
0
390
640,0279804
0
390
390
390
420,6513682
469,4256554
454,6512242
390
579,3437463
390
0
589,4318702
0
411,3198008
0
466,4212918
434,7499282
390
0
390
390
390
390
419,3641778
0
451,7533795
390
390
584,8426191
470,134033
0
495,0581889
478,7671718
390
460,8547533
517,5383444
523,38393
390
390
0
443,7919995
434,3692319
390
0
390
390
390
599,4027075
390
0
472,9170404
390
394,7543263
390
553,4131978
0
390
520,4906417
390
390
390
390
525,2456393
478,6382599
409,8211584
605,8319745
0
390
495,7919637
0
390
462,8289925
390
0
390
0
442,2963139
0
577,118075
452,3843377
390
540,7133853
441,7440746
574,3998713
0
390
390
477,7784101
531,9769861
446,3263753
0
591,7076073
0
390
390
390
525,5728137
390
503,9170819
390
452,6933306
390
390
434,4612675
456,964231
475,5149976
390
390
390
392,5882198
390
390
0
494,6895363
470,5869213
390
390
390
422,5981133
0
468,2703
390
0
390
390
628,5711859
390
0
573,2478099
0
390
0
390
490,8045289
390
558,7060081
390
390
390
390
390
658,8317932
390
416,186386
479,6678137
390
0
390
649,7190833
390
413,2935353
416,1703529
475,6549231
397,5077977
390
0
619,3939761
577,4562503
390
449,9226603
628,7236301
390
390
390
0
390
0
390
0
390
0
390
390
0
510,7804852
390
390
390
390
508,2066245
393,6171508
584,7482377
482,1984908
441,9483763
390
390
390
407,8955621
0
390
532,0408468
421,0246375
438,5665842
390
392,2419481
426,1323872
421,1898722
390
455,027588
390
623,5395176
390
390
0
390
0
534,872521
492,2029686
390
0
565,3063019
390
400,4874539
407,1384248
596,5109144
390
409,9256422
390
632,6005818
423,985444
0
390
390
390
635,3436066
0
390
390
390
603,5243986
402,1772227
483,7433494
456,5375364
0
408,4211407
0
410,4686293
0
390
390
390
390
390
447,957768
390
390
390
390
390
0
621,9754359
390
0
390
422,1670946
622,0437572
390
390
0
438,6564197
0
443,2128619
425,6248055
390
390
390
390
468,5194734
390
412,2651477
428,0122363
390
390
390
390
390
390
641,2173395
390
390
465,2582436
393,6973292
503,82292
390
390
390
0
390
390
0
390
505,013833
426,3832008
444,0833677
390
390
552,0789865
590,199169
605,6536869
390
390
480,7949039
390
0
490,3101961
390
0
643,9830762
390
390
399,3613422
0
390
390
390
417,7308447
390
437,8855624
537,5540343
0
390
390
390
390
489,2898625
464,8757626
623,3966397
390
412,2201768
0
390
390
390
390
390
410,5210713
390
497,2048053
0
390
411,5783295
390
491,3216493
390
0
390
564,3393919
475,3725868
390
0
390
0
390
390
390
464,3870371
525,3549194
446,0947819
390
586,2476308
390
390
390
536,1209878
584,4196924
390
423,3087924
473,9777088
0
390
390
454,3391393
414,2875332
390
390
480,1145195
442,9792654
551,512829
390
0
390
512,4181247
390
390
639,9543529
390
390
481,4042523
390
390
390
0
0
402,0627573
0
445,9777171
0
500,6905275
0
506,9659513
0
444,5735954
390
498,6087379
483,3203937
585,8554149
392,1360572
390
390
390
390
390
551,9080891
390
390
390
444,5271947
390
390
503,3181054
390
390
469,8448976
396,5201478
465,2373368
390
390
519,4502262
526,0936576
0
390
426,8243777
415,4241578
0
390
390
581,9713369
390
407,6904286
421,2217121
390
390
390
401,5981594
429,7806582
533,7460612
0
555,6304692
414,8469871
400,1237416
482,0904205
447,4660684
390
0
390
565,1696057
584,8576542
390
390
390
390
390
408,1962975
402,6532788
430,4091402
421,8061382
390
495,5511269
478,6081452
390
0
390
390
390
390
390
390
390
423,1832326
390
0
452,1135156
390
390
0
390
390
0
390
0
390
390
0
390
618,394244
399,4492783
617,6892747
401,0407637
390
674,8233608
522,9107299
390
397,0825199
0
602,9609654
390
467,3332213
390
390
570,9701386
390
390
392,0553794
390
390
390
390
390
390
390
400,3529113
0
390
390
390
461,9523911
390
562,4558019
0
482,2836292
570,4057573
541,0997055
0
0
390
390
390
490,1399811
402,9700219
390
390
0
390
530,4676076
390
390
492,0639857
390
390
0
390
391,6821792
390
390
0
477,3829343
390
390
617,2757016
390
390
528,9111712
602,9736178
390
627,0316434
390
547,6151935
390
426,8008522
390
0
446,1148962
0
458,0564663
390
420,434744
390
390
390
0
390
390
489,3480227
390
390
614,0715988
472,7051694
390
390,4717061
0
571,8741335
390
438,6990727
607,3293018
0
390
390
512,3071821
390
390
390
655,1661961
399,9284553
0
0
577,6142333
517,5451273
425,4155914
0
508,0120872
0
0
390
512,0285088
467,4267237
390
415,7122095
0
486,784352
0
0
390
390
0
528,2553191
625,3383554
390
390
390
552,5343296
421,5314581
0
390
584,4868343
390
390
423,5787126
390
390
0
390
390
498,0953762
390
390
405,5634063
459,7042816
0
390
390
0
390
0
490,7264496
390
496,0393983
390
494,2255324
390
390
463,3272321
644,7245918
390
461,526325
449,2937571
394,6362224
390
390
390
0
655,2689799
390
470,6474506
0
390
390
644,1188362
561,386615
409,7947947
390
403,8017048
559,6319766
543,1236194
390
604,2828974
0
0
519,0234077
524,7065039
0
390
390
390
390
390
521,9016057
390
390
496,151646
0
390
390
390
390
405,0590831
390
408,0391033
390
390
566,4342154
529,4414434
0
390
406,4069319
390
0
0
0
0
390
390
0
417,630294
0
390
0
495,980729
412,5824272
390
541,3926143
390
453,3591288
549,3585024
390
390
0
390
492,5736134
0
478,7610132
0
390
390
548,3431396
0
397,8033415
390
540,6810373
390
434,1145509
390
0
390
390
0
499,4953094
390
447,078645
390
0
390
0
628,326214
390
390
390
563,2388373
390
390
390
390
526,5918818
390
627,1107109
410,3945601
390
390
620,5025
578,4813251
417,0499184
390
520,5385653
390
390
390
390
0
590,6115768
390
390
0
390
514,7502017
0
390
470,3889898
558,3351267
405,4907876
0
0
0
441,5288425
390
525,1759215
390
404,9436279
0
390
390
390
0
0
457,9088233
568,0885323
390
419,7338468
468,9003356
390
390
390
413,3893595
518,8903266
390
390
390
390
390
390
456,896728
390
398,6428886
0
390
390
390
467,7436062
390
499,8538585
0
0
530,3620696
412,0760207
409,9371479
390
390
390
390
390
0
463,623282
0
505,1500939
0
390
666,363522
390
390
521,7971333
475,2865175
390
449,9678614
448,5116805
390
390
390
390
499,965842
390
432,4540335
590,3220424
390
390
0
489,8873189
390
390
390
390
417,6715003
390
420,0558719
390
0
390
498,7788361
390
390
0
390
390
390
0
587,7312466
390
459,4281745
420,9560675
390
390
444,2379466
390
575,3549103
667,4778333
390
390
390
630,3173492
503,5611079
390
390
390
390,1388783
390
390
421,6773492
390
390
390
390,2906951
0
420,4536539
399,7625375
519,5610115
490,8849651
561,3340472
390
390
563,3700282
390
0
420,7876155
0
390
0
390
390
416,5717791
390
0
0
0
396,5719406
427,8331089
610,9956777
390
448,6997116
390
0
503,1390184
405,8346701
0
390
390
390
435,229804
471,937661
480,918772
422,2729958
472,8480102
390
390
453,2123193
402,9905909
390
390
390
390
420,9301797
0
390
390
438,7258844
390
0
503,3827135
390
469,0859292
390
0
390
390
390
592,276746
390
390
390
515,7788081
401,0831815
492,8348764
467,5276109
390
397,0513508
0
390
416,4097921
422,6850151
540,060245
390
390
621,9506183
390
0
443,8673521
509,5633123
588,1989884
0
477,9914554
390
493,8445001
390
390
390
442,1398576
418,460939
390
0
432,9142221
390
390
390
0
0
468,6338609
390
504,7705135
513,972565
390
390
399,0471195
407,0729572
540,6655693
528,9358809
481,3258453
524,9959454
390
390
390
390
471,8249928
599,7180335
534,0085489
390
550,0088382
390
475,3401278
390
618,3660641
544,8115388
531,7975369
390
390
0
390
390
512,0727204
390
390
0
0
390
390
390
390
519,1505578
390
0
453,3422474
579,0163114
390
0
408,3788293
390
390
390
453,4917194
0
390
550,3844992
390
390
390
442,9547002
390
390
0
390
390
476,2866814
509,4213481
390
390,8815946
390
0
507,2186844
400,5240211
390
390
0
390
390
394,4714946
396,0627397
498,9376115
390
507,9816861
456,1434721
656,7105073
527,0139344
390
390
0
0
390
390
481,6172207
402,223998
627,697321
467,3989026
516,1450613
390
390
421,7242287
516,1451281
0
390
390
0
499,986908
390
390
390
390
390
390
390
425,6007468
390
0
0
390
390
426,5269925
431,0290329
394,8523163
0
516,502215
525,5799201
569,1875916
390
390
508,5246163
429,0108179
629,1437787
452,1802665
0
390
390
390
390
390
676,7142795
390
390
390
390
390
582,4128802
390
390
520,010118
390
390
430,8913339
431,6583171
390
390
403,2891567
504,1490124
0
390
0
414,2905558
567,6051858
412,7572008
390
390
390
0
536,5082124
0
0
580,6622782
390
390
0
390
390
552,1166928
462,8335684
505,0577826
0
390
394,9120702
395,5863686
390
402,6365207
466,4107835
445,0776554
390
390
0
390
390
571,6522949
390
390
390
390
0
628,6434199
396,0986208
390
423,454879
390
0
407,3830676
545,4193495
390
489,3378257
390
390
390
0
0
609,8531308
390
434,244689
511,3873804
581,7318487
495,035992
390
505,6807089
0
390
409,0033807
505,0997825
390
405,9262628
390
390
390
390
390
390
0
592,2762277
390
390
0
431,3275289
390
390
390
390
597,0147889
390
390
390
390
390
0
390
662,0144308
390
390
499,3323207
0
390
432,6093499
453,774955
618,8015317
504,5335352
0
0
390
390
390
0
519,8965388
390
390
390
390
486,6749626
390
0
390
0
414,8338653
390
430,2123011
390
0
404,9577739
481,344863
514,8378699
390
560,1538739
0
0
390
390
390
390
390
458,5762868
436,3045024
517,1359169
0
390
676,7347885
539,4976521
390
449,3723352
0
390
0
462,9957403
612,9446555
398,8020355
390
0
548,4680812
0
390
390
467,1557914
483,5003791
603,7019572
0
551,3678323
390
553,1864365
390
390
601,2602555
398,0395872
568,2587538
0
0
450,5505945
430,3474232
390
435,8313758
0
390
590,7382283
446,8282074
431,8462018
619,1237054
467,6134939
565,8595122
514,1005041
390
434,3006529
0
448,2491793
390
608,4178037
478,7291673
569,903155
625,6097915
422,3462677
390
446,34427
390
390
540,437061
0
517,6136954
390
0
390
390
390
390
404,838858
390
390
390
390
390
0
421,6673696
390
0
0
390
390
0
390
531,4053989
473,8057111
412,8919233
390
390
390
431,7728422
0
390
485,0819544
390
0
496,4792783
501,3960604
568,8314897
449,2687059
390
505,3537361
390
629,1024205
390
390
421,3285655
470,6290744
527,8784383
465,5545204
511,1097432
0
401,0549242
390
459,9394306
403,3404137
548,589535
390
467,9038131
435,2819569
555,4314069
390
405,5971135
0
390
390
414,1754044
390
0
390
577,1397666
390
390
451,4705696
390
466,7364543
0
420,3355189
390
510,2448114
390
390
390
390
390
390
390
596,7377209
390
411,1023448
390
390
495,1939543
487,2791463
390
390
0
0
419,6383705
557,6002475
409,9071437
390
390
503,5409875
390
390
526,4297715
390
390
575,509819
390
390
390
390
390
0
508,7764866
455,816113
423,362765
625,8928696
390
390
390
390
390
416,4915384
543,9821779
421,464152
400,1239158
562,8484467
390
649,0639635
424,1616162
390
390
390
390
502,4969986
519,7746529
449,0557102
399,596751
390
491,6272167
0
425,4631749
484,326465
390
390
592,6472837
0
394,6520022
390
390
599,3075322
390
390
390
490,4807228
390
494,9321888
390
395,5494406
390
0
0
464,1139179
507,1160179
390
458,5591964
0
443,1729367
390
390
390
390
427,7051371
390
390
432,7189303
390
0
0
390
559,4243998
449,9312896
390
390
390
0
390
390
390
464,0163441
430,0305619
390
608,902896
0
0
390
390
0
390
390
548,2948648
486,1509057
390
431,4187188
390
533,1539081
390
524,8997729
0
398,8911374
476,4606921
390
402,4227125
390
515,270908
459,5750981
390
390
390
431,0392818
0
522,9542183
651,5281763
390
390
390
433,6674035
390
390
0
390
0
0
495,0358887
403,5256699
560,5057096
500,1027811
455,0437521
390
390
479,8379945
410,7672619
439,5217469
0
390
390
390
390
0
390
417,8598307
390
390
459,1404919
390
390
390
0
390
390
390
390
390
390
476,4343016
390
575,3055658
468,0671691
390
608,3426122
398,091724
390
508,7567013
0
430,9929324
409,4307793
390
390
508,4536374
390
436,1586708
477,9681394
0
0
390
397,8423456
459,9238692
390
412,9112878
390
570,573257
406,2233304
454,9855121
390
390
390
390
390
442,7113213
580,3377786
390
390
390
434,0407922
616,385382
390
390
589,2452304
481,7696676
390
390
390
390
390
390
487,881036
0
0
390
471,1064294
419,6332065
416,7272925
595,9427489
400,3998051
487,4177541
390
390
0
531,8112516
390
437,5297264
397,6960211
390
614,0986358
390
390
0
431,8435641
415,3174956
613,7082107
447,8569555
390
396,0107498
438,4141571
515,3125411
0
390
390
424,4967984
390
0
446,561529
390
0
453,6425396
0
390
635,8798753
390
402,4240439
417,1240571
459,5491054
390
390
390
559,0313601
390
406,0366165
390
421,7903578
390
390
606,4595963
0
391,5147316
0
0
574,9473158
390
616,7099422
390
426,2449475
390
398,0385305
390
514,7277638
0
390
390
520,5599664
390
0
452,8703034
390
390
479,1519486
438,7343379
390
475,1453541
390
390
506,9406737
464,5802569
390
549,7002585
390
0
390
390
390
0
390
390
0
390
443,2627425
401,6899135
514,1009856
523,0076989
390
390
413,655548
390
390
422,0514752
0
0
444,9586733
390
659,9429017
390
390,2910036
520,2579282
390
390
529,5376024
428,1479116
0
390
431,6026148
0
390
0
576,0995293
390
0
390
390
390
390
443,6372097
390
407,2014445
390,3730092
557,7735685
641,7636461
390
482,0930292
410,0834584
545,0697494
390
528,7633822
390
0
390
390
390
0
452,1477652
390
0
437,4198404
456,0567246
390
390
0
524,2265815
390
390
390
390
390
404,3918683
390
461,6477284
423,653795
0
390
390
390
0
0
426,0332647
390
390
461,8698238
390
390
390
423,8935186
390
390
527,907778
390
390
491,9160415
390
390
390
390
471,8030533
0
390
0
390
522,3724099
0
390
465,6998379
390
390
0
390
390
0
390
477,2187079
390
390
595,4678734
390
595,5176619
562,2507653
604,8347804
390
390
390
430,8602638
501,6111389
572,435407
642,739778
562,2633786
442,2457934
394,5579228
606,2727445
390
390
390
390
416,34559
540,5510763
482,6608455
390
0
390
0
652,813662
390
577,2507738
390
390
390
390
414,6209251
462,7513418
390
493,517269
420,4120994
602,2712314
618,8711469
542,0633836
390
462,2851867
390
390
390
390
390
0
390
537,5887021
390
390
390
465,4061615
390
435,1498971
390
390
583,3181035
390
0
399,7188095
449,4131346
445,2324665
0
390
390
0
460,9610448
390
390
390
584,0692597
390
390
572,1805939
390
390
521,1251669
427,8516171
425,6195119
474,1214387
522,1622195
390
390
557,549593
390
390
393,8434339
480,2087775
0
390
390
390
511,8849102
502,9927472
518,6182967
410,6586374
390
0
390
0
390
0
413,3305394
390
390
0
390
390
508,8326273
411,9931662
419,3262265
390
390
0
433,3773698
506,9074731
0
412,0638289
396,7784348
390
556,3245888
419,8130414
390
390
390
443,8944727
0
617,2959225
390
459,1733444
459,0641434
390
390
390
390
518,7365063
0
390
417,8365478
390
390
579,9423065
390
390
0
390
390
470,2601609
437,9803724
390
396,0295881
0
558,6215799
432,9947162
0
0
0
390
658,0617085
390
390
411,5361232
390
390
428,6750359
451,1489298
542,6962496
479,7998772
440,2112549
390
0
390
0
462,3412141
390
421,4004432
0
0
390
390
487,9242095
446,7050164
390
482,6716154
0
390
461,041574
504,9295558
555,7469158
0
395,9398761
0
584,6284149
0
532,6997477
510,7668511
0
390
408,738801
0
390
390
390
422,8476397
0
455,9700755
390
390
0
463,2584458
390
394,7408144
0
390
390
390
390
0
507,9474715
390
390
390
503,0012207
396,9356231
390
0
390
391,2639126
390
536,6822028
390
469,2019365
0
0
0
430,3272018
390
0
390
390
525,8462489
390
393,1891293
0
600,0016953
390
390
471,1627562
390
424,8349036
0
390
410,5501656
406,8814595
580,1067095
392,5380987
0
451,0182757
530,4226576
390
0
452,1384441
390
390
393,5939701
390
0
0
390
390
390
390
390
390
390
390
390
390
390
390
390
403,7170665
0
515,0293101
447,9596763
390
558,4602364
0
458,3697871
390
390
586,539301
390
415,1476068
0
390
471,1562344
390
390
390
390
390
390
430,8091076
461,0696798
0
390
390
390
0
390
492,9494551
390
390
657,6868568
390
515,660216
539,9112222
390
415,2960537
393,9825614
390
390
443,9043784
390
390
390
603,5044651
390
446,4072714
470,2393663
390
390
390
529,9392571
400,2645346
390
539,5417609
0
456,7812665
390
0
390
390
0
582,9730939
390
390
537,9566917
390
492,4547979
596,5445697
402,0299192
409,7746645
0
494,3035555
0
390
0
516,7103143
0
434,9350067
390
518,3061939
390
0
519,4405097
0
510,566441
0
500,511507
583,1943813
390
481,7187981
0
390
0
645,8238542
390
390
390
390
390
390
390
390
428,4478431
639,7097144
390
560,7925581
0
503,7735269
390
390
390
505,476249
390
390
548,1920317
0
484,0667227
390
518,8605685
390
466,9419473
390
526,2668158
441,9648402
0
457,8577715
391,7601358
399,0841117
476,6187575
390
390
416,268009
0
0
448,5841325
390
462,5636235
390
390
390
390
390
415,1474538
390
390
428,6305511
396,2639543
390
390
390
431,0296049
621,3146822
390
390
390
390
390
464,7882176
447,0431323
443,696143
390
390
0
557,7884109
390
390
0
566,8366945
390
441,5077019
529,651526
0
390
390
390
0
393,1803585
666,1118276
416,4227311
390
479,2390747
390
0
390
397,521438
0
581,4347483
390
390
390
390
390
390
390
519,8974452
449,9067717
390
390
390
390
390
450,4039176
390
394,4878395
0
390
404,8247647
390
390
0
390
390
478,1618131
390
530,5355587
390
445,1431491
0
390
523,0002844
390
390
446,2579368
390
390
0
468,8700347
390
652,4458937
411,1557853
554,0685607
453,9238303
0
581,3254784
390
435,6409006
390
567,5297604
390
390
390
390
390
390
463,0199123
0
0
405,680357
450,2223769
0
419,4758232
390
390
390
0
467,6687293
390
390
407,4934193
390
390
0
395,6422796
390
604,85524
0
485,6431816
493,736925
390
540,4320724
0
0
480,2938204
557,0711869
390
405,0581826
0
390
390
390
390
390
390
0
390
390
390
0
519,1783031
0
390
390
410,3761295
390
390
455,2361083
390
466,0284624
0
0
390
390
594,6375913
419,8178844
392,6394755
484,7407246
582,5657227
409,9197432
480,8992729
401,763732
472,7248429
0
0
407,0779905
0
390
390
390
606,3697462
390
570,9214385
390
583,3040297
476,0020431
450,7975459
0
408,2831093
0
483,2607603
390
390
491,9038297
0
390
390
391,0585487
390
390
581,8234387
486,3833593
390
390
390
490,2497471
536,252312
0
0
463,1203157
561,2380157
0
390
403,7078782
390
390
390
390
0
390
451,9476768
390
0
586,3345749
390
390
446,372503
390
525,3283402
390
402,1541447
390
390
390
390
564,1146999
0
424,9809385
419,9816242
390
575,9647142
390
459,9410969
0
390
446,0564603
449,8908432
390
507,1011484
390
390
472,9331918
390
390
390
390
390
436,0988758
500,1857933
390
0
390
390
390
0
390
390
445,4738764
504,0144323
464,057146
0
398,4946227
517,8632209
430,0905594
468,0805336
461,1514642
390
582,345292
390
390
390
0
0
0
440,2760313
448,9112163
390
390
390
390
433,0494637
390
0
390
533,1191034
581,522291
390
443,0001784
592,4012214
390
390
390
421,18555
560,1395382
0
0
390
571,0112121
390
390
390
467,7736388
455,5809379
390
390
506,2023666
433,2252311
390
390
390
390
390
0
390
0
390
571,1535653
0
519,3501539
435,0185093
422,6029322
539,5158639
390
428,8116501
390
554,6928465
390
390
390
498,4312496
390
652,5715597
390
0
0
482,9398549
390
539,9489768
620,4049196
0
404,5794548
582,6776632
390
550,9320276
390
0
390
390
390
0
510,0005657
410,3138771
390
390
409,6706874
505,6884657
546,0516811
403,0696284
390
563,7144948
489,0239741
390
390
597,2920673
411,4064024
522,2285119
390
390
390
390
390
602,5964972
457,0535275
0
0
487,5312946
390
390
666,8699251
0
585,6622062
415,2142168
443,2250476
390
390
390
407,2173478
390
0
390
390
390
595,3664227
440,6774809
0
390
390
390
494,6136827
390
390
390
619,9425944
390
390
413,2767506
434,0421122
490,1205154
0
549,4107837
0
476,4988396
390
390
433,6335437
390
456,0929178
0
390
390
457,2255637
0
0
390
402,4672023
0
390
390
470,0890205
390
427,5456834
390
577,9127687
390
457,7403579
426,7931578
390
481,2094467
390
558,6303832
539,3728277
390
530,2458854
390
390
390
489,298193
390
579,4265615
390
390
434,734258
460,2016276
390
390
390
390
390
0
506,3618385
433,274778
390
390
390
476,9356815
390
390
627,7124688
390
406,2931425
414,3343474
530,3838465
390
390
390
502,3159368
390
508,0537182
390
390
390
390
390
482,0190734
480,2461936
390
390
491,3828765
390
432,5197702
390
0
390
396,088751
396,5023301
390
0
525,7599358
390
390
408,0586781
0
390
470,5330649
603,9446043
494,9612404
450,5812058
390
390
390
390
602,0767136
502,807635
457,0784226
390
482,2452139
597,9860571
527,1547947
0
590,2686281
0
452,4074328
390
442,2275037
390
390
447,1860286
0
453,3896639
390
0
390
390
570,0686619
390
390
390
0
390
390
667,0811999
390
563,6418094
0
418,9086999
0
390
0
0
0
390
465,6186688
453,0233007
390
0
442,4021882
601,1187174
430,5440192
0
490,5299364
392,3592585
390
0
417,9304406
469,9507638
390
441,0964668
0
390
488,2798222
390
516,3227081
514,6717786
549,2992724
390
390
390
563,7461606
0
390
390
390
522,6607501
461,2269697
474,4146634
390
390
390
390
390
390
464,4261356
390
0
390
0
0
390
390
428,6072125
0
390
390
390
390
390
390
623,1735799
411,5685926
390
437,8518029
390
390
390
428,4782234
390
390
390
429,9630049
390
390
0
0
390
0
390
627,6326463
495,0165795
390
416,3692245
474,4538366
390
390
467,8389685
554,9260411
0
472,9298324
0
390
546,8794078
0
390
552,0075881
456,60696
436,8273876
533,0267867
485,9609056
390
390
394,835261
0
558,3303675
390
390
390
399,2246684
390
570,2227521
505,5126569
390
529,9992017
479,1522782
390
390
0
0
591,7141315
390
390
508,8557246
0
390
524,9885558
533,5237596
436,9397887
0
408,1592535
390
390
390
0
503,4007408
390
390
390
519,0881005
390
390
390
390
390
398,4713904
558,3419741
390
547,0949799
390
560,0739306
390
595,3889991
566,1046478
406,2147965
544,6706583
0
0
390
465,2077623
390
543,590079
0
390
496,2684451
390
477,1503983
390
475,3656838
0
457,8229323
390
0
390
434,8912207
390
0
390
390
390
390
477,0320129
390
581,8417591
0
444,8947597
390
390
467,6520604
390
390
394,3423199
396,63681
390
648,6555222
390
497,0116297
0
610,8544127
390
390
390
0
390
390
390
390
425,7774409
512,7809149
390
0
488,602306
390
390
608,9108306
390
390
455,2141151
423,0359958
390
454,1089801
390
390
390
390
390
520,9416281
390
660,7087134
390
390
390
0
585,6976646
528,7223983
390
390
486,0227021
0
390
390
390
432,4790214
587,6669129
478,8204922
0
548,2607951
390
0
560,5621813
390
390
390
390
390
390
419,2721621
453,5837106
390
390
452,7746442
606,7685438
414,2397494
390
390
390
406,2983455
433,0486973
511,3759844
465,3706262
452,920239
409,5606276
451,5885195
470,2789192
390
392,1917138
390
395,9070904
390
390
390
399,5957455
483,2570758
390
491,7331859
390
0
452,7276231
390
390
595,6286608
518,6591568
0
390
390
390
0
390
390
578,7110244
647,0140228
539,3118838
390
0
390
0
450,6371646
598,957615
686,0601449
390
621,5615584
396,6808354
390
624,7132559
390
390
390
0
390
390
0
0
390
390
390
460,4312191
390
390
390
390
390
390
439,7863669
435,4009266
513,9386348
0
390
390
390
0
390
390
473,141027
675,8268069
469,8799512
390
0
430,8813813
453,0407599
422,0841436
545,2696946
405,2113734
402,1565267
390
537,3861522
448,4329053
0
390
390
390
409,696599
0
0
623,3592814
390
390
459,7956177
390
443,6577413
481,4811526
461,0455538
0
390
390
390
390
489,8672941
0
399,001166
424,0619317
0
409,7719204
390
390
490,6010298
0
390
390
421,0954234
390
390
473,1262365
390,649144
413,1986599
393,1898998
390
391,9062655
390
0
530,9601763
390
515,0711149
0
390
390
0
390
390
0
548,0932705
390
390
406,7025663
512,5474568
390
522,358053
390
390
390
390
390
390
0
435,8755744
562,7730742
0
390
0
393,2192748
390
390
612,4466595
533,3443451
0
390
390
430,3239191
390
390
424,2156311
390
0
434,0487824
0
390
390
407,490168
390
542,0488629
403,6343807
390
481,0213068
0
390
563,645334
390
0
390
390
390
390
390
390
555,9425747
432,3473462
518,1040981
0
390
390
418,658559
450,8336342
390
390
526,0625524
493,6626659
390
390
390
390
454,4955222
592,8330256
413,3941278
390
0
390
390
0
0
390
0
390
523,6718193
0
390
390
390
390
456,5115183
542,2105185
538,0045123
390
456,7324336
390
623,8572367
390
615,2625738
390
390
390
605,6876919
390
390
435,3004566
390
620,2928439
0
0
510,3244532
390
390
390
390
0
390
501,6377756
468,712109
396,7781556
493,1703235
0
390
441,6921067
390
392,9417536
413,9396312
390
497,3369767
390
517,4839824
0
437,7780551
0
390
390
390
612,0967573
390
521,9380975
449,1124323
390
390
390,5930884
390
452,4330419
441,4244579
390
390
390
390
390
390
390
402,5088705
531,7832611
390
390
390
390
0
390
390
390
390
418,0062356
428,3951246
390
592,4432786
0
617,3353219
390
390
390
0
0
390
480,9736724
0
390
390,6889655
0
390
430,0945448
390
0
390
390
0
0
390
390
390
390
390
610,0509397
390
577,3783227
509,8616487
663,9394188
561,4920287
390
390
424,120474
0
390
0
0
522,9648783
607,4631888
390
664,5601202
390
0
524,3675507
390
390
390
496,3563011
0
532,6165032
390
390
390
413,572006
390
520,9430037
390
390
390
390
0
390
390
498,8894829
390
390
390
390
390
390
439,5668147
390
604,4810439
444,5670767
390
0
390
0
0
400,1437656
504,703868
390
390
618,1033343
390
476,6447104
0
0
426,7684101
390
390
582,7866553
390
447,1395463
443,1432904
0
390
390
390
661,4516612
401,8642896
497,3751948
390
390
390,0197658
522,1038131
426,1562732
390
524,9524605
586,3141957
390
568,4743712
554,9085016
452,0451753
469,4094983
557,8358822
482,9679412
612,2374303
390
390
605,575925
505,8282579
618,87483
472,6488288
390
0
390
390
390
390
553,9546002
390
390
390
0
516,4905737
390
442,763879
589,0852746
390
527,8576358
0
0
0
402,0648024
390
554,147693
507,1680523
390
429,5169223
390
571,6816467
390
0
390
390
428,3025622
0
533,8777414
390
390
390
0
390
0
471,2746682
390
390
0
390
390
537,8445605
390
589,4965559
511,019145
642,7513488
390
529,366706
648,1893747
0
390
0
563,3151823
0
618,9408657
398,9424051
576,4414728
492,9333133
493,0542617
636,5396232
603,2140686
390
390
390
0
519,4307815
390
390
415,2177277
507,9342209
397,5415026
556,8813421
613,6571037
390
421,8118763
416,0195643
450,348575
390
390
390
450,545523
0
390
556,176246
465,567304
494,9549246
441,9088172
390
403,4748773
390
0
396,8565808
390
0
0
390
390
0
429,4523404
0
545,5139322
632,3329912
578,6309241
0
390
418,0279638
0
462,6581526
557,2235088
390
390
576,5136253
534,3854897
390
0
390
390
390
438,5532764
390
390
0
390
438,2325199
558,8774711
511,3517378
448,5438001
390
591,0139769
390
401,1888667
390
390
634,7377028
390
635,5321666
0
396,7763544
524,0989827
390
0
598,9431387
0
390
0
390
390
479,8715977
0
0
393,7807144
390
390
390
660,0004549
390
0
0
520,8477713
390
460,4145001
390
483,5519056
390
448,0841881
390
0
390
390
390
522,0229145
390
390
390
518,8892089
0
449,8604826
390
390
390
0
390
0
390
390
496,3736746
405,1937468
409,8337832
390
494,3343034
390
447,7213917
390
0
0
390
535,6137877
415,1023765
513,484203
390,3502819
559,4663081
0
390
514,5936179
0
390
390
390
390
390
390
516,1817552
390
0
390
462,572862
400,909822
0
479,0005851
390
503,0977696
390
390
467,3800066
0
390
524,5098323
474,3769345
390,7360913
390
390
390
390
0
476,5798909
390
511,4767487
390
394,1108099
390
479,4146428
603,25604
390
452,2968968
570,0507005
390
559,1237101
0
390
390
590,0796547
390
390
427,0503383
390
390
553,5404713
460,5233012
464,9143585
449,7515108
445,3148082
390
427,3143773
390
455,085446
390
560,7364626
0
0
390
401,7676585
438,1247087
390
447,6903757
390
390
390
390
635,8549806
390
617,0218199
390
390
0
390
476,3360614
547,1780378
390
446,8602013
0
664,8885187
475,514672
460,4155504
396,4190842
0
390
390
492,1438515
0
390
0
429,5385108
545,946963
540,7968625
438,5825574
390
390
390
459,2672158
390
390
390
390
390
599,0567879
390
390
399,4324714
390
415,8530022
390
390
390
432,1875249
471,7586768
390
390
392,9193243
462,9223422
447,3011802
433,244588
0
612,170642
454,7230742
615,5200578
390
390
457,88364
0
390
586,8738777
390
527,2028078
484,4107832
392,3079711
463,8527287
390
390
390
390
390
390
466,5403678
390
668,3267816
399,5803876
390
390
487,6205318
390
390
390
390
390
465,2867588
390
390
469,396003
390
390
390
390
390
584,510881
0
390
390
593,3739517
0
390
523,1864752
390
580,1850458
390
545,4061715
390
540,0715899
0
603,7888901
0
390
390
390
439,6258352
390
471,6719353
390
0
390
571,6508331
450,5357705
390
484,6314529
390
390
390
547,0224804
518,1201468
496,3986149
390
553,786302
390
653,2551344
449,5453304
536,2080909
522,9245136
390
0
390
415,6338482
613,788972
471,6237532
580,3347595
453,8016321
566,3489144
390
475,6478045
390
390,9357957
390
390
569,4341954
390
390
600,5683309
390
591,0035078
0
567,4791525
390
622,872216
427,2069362
390
0
390
390
528,5365243
526,9724267
390
0
561,1321234
0
0
390
390
390
390
390
390
390
390
569,2411196
420,4015927
0
0
399,5243202
0
390
515,0132132
0
457,228115
390
606,3833233
390
547,4120077
0
435,5080738
418,2769569
506,2835071
390
435,5301603
390
390
470,9640784
390
421,1658288
464,873088
479,8848085
409,2111316
390
535,3963298
390
415,3168159
670,3702124
0
457,3185475
390
390
0
641,0332091
535,7514571
390
390
501,4459372
390
569,6678497
0
0
0
390
566,0111388
406,8336665
390
390
449,7394647
444,7628864
524,1041633
390
390
390
515,6953423
390
390
390
390
390
390
553,386603
390
415,579223
531,1011627
390
558,7464655
0
459,826791
409,697673
0
390
527,0003657
407,623741
549,0899191
390
390
390
390
390
447,6963089
390
398,3301255
0
0
425,9294196
471,0601138
0
409,2000093
390
513,15108
390
390
406,0573093
390
390
659,0604261
0
390
390
0
463,2519292
390
393,2503273
391,1274205
450,919281
390
427,54797
0
390
472,112849
578,1376896
390
553,6148989
390
584,7218759
0
390
390
0
415,9059041
403,3393894
624,0644637
506,6273515
494,6338075
0
618,1975995
0
506,5735278
519,9817783
0
443,0559156
390
401,4285748
0
390
452,688635
390
408,7547559
390
0
0
390
390
390
0
390
0
500,8080296
442,7134303
424,3359539
390
0
416,6397222
390
390
390
390
0
559,9249308
410,4884698
569,8685807
390
390
390
390
618,5282505
390
471,3336929
421,3146063
390
0
390
0
390
390
390
390
433,4193163
390
390
390
414,8184914
390
529,8439468
559,050893
0
0
390
390
0
397,3682946
410,9550989
390
390
542,421388
0
504,0127348
390
0
483,6943025
450,3379018
390
657,6133484
621,3074788
414,1581194
489,0682318
604,6443078
475,857751
0
390
600,3343423
0
390
473,9190891
533,2421342
390
390
0
390
493,2364356
0
407,5407181
390
390
390
390
424,3256086
390
390
390
390
0
390
0
532,4152529
390
0
390
0
423,4707641
0
390
0
390
0
390
0
439,4924139
0
390
0
390
390
585,0207181
411,7836896
390
390
0
401,9810614
550,5169882
390
390
0
566,3234989
390
390
390
0
0
556,1080508
390
401,746833
0
417,6058334
0
458,4196133
390
390
0
0
390
390
390
0
390
0
390
450,0002429
517,8220292
390
432,3496834
390
390
390
481,5104081
653,1459495
390
390
432,9226086
390
390
390
438,3174986
390
390
390
390
390
390
0
443,4615818
561,1581276
390
458,742357